30
1,41.1740298,-8.6132806,4,crossing,uncontrolled,highway,crossing
2,41.1722618,-8.612682,0
3,41.1710753,-8.6128402,0
4,41.170369,-8.6129333,0
5,41.1699072,-8.6129174,0
6,41.1696617,-8.6128633,0
7,41.167014,-8.6117522,2,highway,traffic_signals
8,41.1727151,-8.6127041,0
9,41.1726118,-8.6111237,0
10,41.1709836,-8.6113112,0
11,41.1711021,-8.6128045,0
12,41.1722967,-8.6126472,0
13,41.1718292,-8.6127436,2,highway,traffic_signals
14,41.1739403,-8.6103814,0
15,41.1727672,-8.6103785,0
16,41.1677569,-8.6107657,0
17,41.1695191,-8.6084611,0
18,41.1709494,-8.6112781,0
19,41.1712961,-8.6128154,0
20,41.1738924,-8.6132242,6,bus,yes,name,CI31,public_transport,stop_position
21,41.1736241,-8.6131209,6,bus,yes,name,CI32,public_transport,stop_position
22,41.1728369,-8.612857,6,crossing,marked,crossing:island,no,highway,crossing
23,41.1727692,-8.6128188,2,highway,traffic_signals
24,41.1729352,-8.6095116,0
25,41.1729427,-8.6094669,4,crossing,marked,highway,crossing
26,41.1729674,-8.6093197,0
27,41.1717464,-8.6127544,6,crossing,marked,crossing:island,yes,highway,crossing
28,41.1736583,-8.6103807,0
29,41.1728373,-8.6103787,4,crossing,marked,highway,crossing
30,41.1710618,-8.6126606,4,crossing,marked,highway,crossing
